39.6317
93.0932
90.571
141.7616
99.4723
103.3477
72.6741
108.8044
102.131
86.2104
90.2854
90.3882
93.0169
37.5807
50.8927
87.2946
13.972
100.1631
102.0483
101.4802
101.2842
57.2089
42.6035
105.658
83.0294
85.6659
71.5501
29.1296
108.1284
69.014
102.0295
51.4746
57.8301
89.0813
89.8818
104.8353
84.7827
65.9132
113.589
98.4587
65.4534
110.1625
62.985
64.5405
37.1228
37.0018
88.3809
37.021
31.5359
99.0658
104.2179
89.7491
75.1451
33.1825
67.0477
75.04
118.1915
20.7563
114.183
100.8678
40.5758
96.3391
86.5409
40.2957
88.4398
106.8724
96.0126
47.4345
95.8787
94.8023
39.808
100.4635
89.1715
47.2682
114.3114
82.563
51.9275
25.9276
92.4197
87.1626
43.243
71.7205
113.3749
98.2605