76.9813
80.5247
45.57
100.1708
92.8662
89.296
81.4964
71.0571
85.6535
109.7445
117.1087
69.1179
98.9879
94.4497
159.769
104.0974
102.3346
62.1054
104.4859
103.7196
82.1814
82.0272
93.1855
91.5069
38.6336
49.7494
79.7046
21.1773
99.1724
106.7068
101.2285
96.0019
53.8652
56.7532
103.022
76.5281
87.2701
72.0701
32.4122
106.487
70.8524
96.7105
54.1349
50.618
86.5397
88.4812
103.088
80.0783
63.8864
112.5828
98.4204
70.1919
111.2582
63.5683
47.5587
36.6786
39.2834
84.0627
45.7987
32.9077
92.4807
95.7649
90.1282
83.9801
36.6602
61.1757
67.5822
111.0958
28.3916
119.3684
104.1265
50.0061
77.2783
87.1098
35.944
87.9172
111.7283
83.4894
43.4493
95.1325
88.5508
41.9224
95.5354
81.231
46.4615
119.0781
76.1725
71.383
25.7603
93.6277
80.8868