4,430.14
149.6565
65.002
594.306
29.417
6.1421
27.648
1.8601
0.5213
4,318.82
126.9444
74.5307
651.453
28.6331
9.3116
4,945.63
118.4504
78.7441
1,716.19
60.9922
29.3865
95.185
6.0536
1.4252
5,279.33
120.5552
82.7089
2,044.16
68.6471
34.296
6,217.76
125.6708
88.0897
2,602.73
68.5591
38.5657
262.874
13.0284
3.5854
6,333.70
126.2261
87.2409
2,698.82
68.412
38.5661
6,358.78
122.7469
84.1501
2,907.80
69.1179
39.6317
370.61
14.5808
237.975
101.5816
100.5708
407.403
80.1788
76.3579
63.257
19.1252
27.2456
224.781
94.6319
92.9729
355.871
89.0627
88.1385
122.326
38.5663
51.6
195.72
108.563
106.6985
333.291
99.9304
92.5069
173.819
56.7249
86.2626
188.371
111.1933
108.1993
315.079
99.2919
92.036
160.527
53.3497
81.6521
174.836
111.5243
108.6033
280.378
98.9879
93.0932
139.607
44.4004
70.8026
4,361.74
111.814
103.3606
3,654.23
75.2171
82.3848
792.121
18.2495
23.3348
3,312.44
118.9032
111.394
4,616.23
95.3352
98.7128
1,144.27
24.4358
35.2763
3,363.24
120.1272
112.6427
4,572.51
97.8325
101.5495
1,188.56
25.4695
36.9633
3,765.31
121.3008
115.2579
1,245.48
27.3624
41.8616
3,925.43
118.5359
112.7868
1,289.47
28.8295
45.0758
4,283.21
114.4966
108.7837
1,545.52
38.4862
57.3124
1.607
4.085
3.737
0.342
4.492
3.851
0.459
4.367
4.059
4.065
4.319
0.498
4.164
4.395
0.501
4.263
4.492
0.59
461.825
16.7268
13.6084
12.566
0.8804
0.5643
48.184
48.694
4,273.01
117.6204
92.8075
850.334
31.9198
21.2451
5,026.80
146.7423
91.234
884.982
32.8877
20.6816
142.798
9.2609
3.3538
218.679
10.1132
7.8928
5,620.92
121.6251
105.1741
221.037
9.6364
7.4186
2,034.15
62.016
39.3443
253.287
10.4498
8.4607
1.449
1.024
0.033
1.61
1.008
0.054
1.62
1.045
1.646
1.059
13.025
5.276
72.6342
65.6513
11.254
98.1454
89.8617
8.436
98.753
99.9769
1.17
8.2709
20.9133
10.453
91.6991
85.7435
8.383
90.4122
104.2113
1.792
14.0585
29.2499
10.172
91.0927
84.4111
8.077
93.1469
94.0253
10.077
90.1599
85.0609
8.048
92.6549
94.5933
9.946
89.1997
86.0851
7.839
94.4497
90.571
4,872.89
117.6789
116.5692
3,884.32
89.7636
98.3807
2,082.58
52.0598
75.8164
4,947.11
117.5225
115.8885
4,213.14
97.1272
106.6332
2,520.99
59.1373
89.1585
4,780.11
110.1931
109.7456
4,450.74
103.3644
110.3073
2,869.45
63.5382
102.8982
4,784.45
110.1038
109.7425
4,501.73
104.0372
110.2159
2,966.13
65.4433
107.1227
4,775.78
109.7307
109.2298
4,583.00
105.7235
110.3843
3,061.14
67.2154
111.6352
180.306
98.0292
99.3317
409.423
87.8493
96.5085
92.914
31.4967
39.2669
125.149
94.6153
96.345
369.736
115.475
32.8492
45.9512
101.819
97.6523
100.7227
305.765
105.6183
103.7484
146.125
47.5979
58.0354
142.517
96.1415
97.3773
244.543
83.7029
88.448
113.09
43.9364
50.0845
144.549
94.1164
95.5335
240.291
84.0334
88.3619
105.865
42.3966
50.5174
152.134
94.0259
94.3317
104.838
46.0539
58.675
10.25
114.9338
107.8111
7.116
95.765
96.1139
2.106
25.8942
37.2927
9.858
114.5293
113.0363
7.342
93.4527
98.2942
2.33
31.1076
43.9354
8.888
102.8237
105.4028
8.377
110.2062
112.1458
2.621
30.4915
45.5852
9.816
118.9341
115.2047
1.235
10.1472
23.0369
1.166
9.4446
21.3788
1.191
10.6674
20.6979
1,934.94
101.7901
103.3381
2,015.02
105.9763
105.7868
2,168.53
106.2098
105.9224
2,140.57
102.2192
102.2274
2,709.32
168.9041
146.8167
1,903.45
98.4502
142.2733
2,216.78
100.9498
100.9155
2,650.49
159.769
141.7616
1,774.85
94.3553
134.0807
362.822
100.9076
100.7537
781.292
102.7777
97.8061
328.015
100.4548
99.1498
743.709
100.7697
96.8048
385.499
327.2468
101.6755
101.0872
697.3884
101.2485
97.5122
421.2248
72.1539
86.1037
327.8168
102.2262
101.3538
691.0713
101.8735
98.2922
425.9717
73.6085
87.8598
334.9332
104.2258
103.7416
687.3618
104.0974
99.4723
430.3704
79.3647
93.6227
568.097
98.1721
92.7838
481.551
94.223
93.2366
180.727
19.3623
19.1564
517.708
106.5559
105.493
195.401
21.6764
24.7532
551.118
107.4434
105.636
204.152
23.6426
27.4808
607.391
102.52
104.1937
206.196
25.2702
29.0339
37.05
109.915
108.4004
32.089
89.4474
89.131
33.977
106.8983
108.9627
34.406
90.2384
95.0799
30.655
92.891
97.9119
28.384
87.8536
93.0708
83.299
94.1298
97.5083
71.645
91.4625
101.4538
18.841
13.0099
39.8646
89.721
96.072
101.0063
73.767
92.13
101.1398
18.403
12.1577
38.3219
79.919
92.2414
93.4967
103.806
98.9447
100.456
90.092
98.4779
99.3287
38.113
29.0396
57.6057
108.154
100.5623
101.7989
92.454
102.3582
101.8874
38.901
30.9047
59.3548
113.47
100.8432
101.0799
97.733
102.3346
103.3477
42.717
32.3478
63.0909
16,219.48
96.2781
100.7542
10,109.40
44.0017
46.8917
911.6
8.1191
4.2337
16,539.39
97.1473
101.8602
10,907.07
46.6468
50.3192
1,582.18
13.0847
7.8354
16,987.11
99.2395
105.4968
11,334.06
47.185
52.9875
13,314.08
55.948
60.5773
2,068.36
15.4349
11.3822
14,566.77
59.6583
67.3466
17,251.35
107.2925
115.0625
15,314.76
62.1054
72.6741
2,763.25
20.6315
14.4823
24.225
99.8299
98.706
20.866
103.3183
103.7011
7.979
23.0489
57.0331
22.249
96.326
95.9513
21.418
109.1348
107.9563
22.659
98.9013
100.5507
19.497
101.6329
102.1675
13.232
43.8783
95.8646
22.509
98.3912
98.4447
19.696
101.7426
105.5401
12.421
40.3304
90.5812
21.171
93.1251
94.1669
20.603
107.8871
110.669
20.909
92.8114
93.223
20.554
106.824
110.3519
20.384
92.6105
90.9209
20.249
104.4859
108.8044
379.577
99.4159
96.1457
528.508
56.8438
77.8492
357.796
103.7909
103.575
762.616
109.28
105.7722
568.772
64.9605
93.9612
368.783
98.1311
98.4621
648.541
105.7164
103.7807
517.578
77.6372
103.5738
387.051
99.4561
99.6496
644.153
105.5623
104.0502
477.221
76.1665
101.017
423.001
101.793
101.4133
644.334
103.7196
102.131
418.745
77.4831
96.4096
738.58
100.6821
100.233
1,200.32
151.099
169.0976
389.547
54.5378
67.916
731.761
102.0406
101.8022
1,202.78
146.8612
167.3042
445.309
59.957
75.9225
773.568
103.6623
103.6326
1,210.11
152.3082
172.712
495.91
63.5082
82.7725
782.606
103.2385
103.0636
1,217.91
153.6406
174.6732
504.745
64.7667
84.6637
797.39
103.3755
103.2575
1,196.38
152.1193
170.3596
508.27
66.0998
86.0286
50.247
115.8062
110.7882
29.185
75.3328
77.7208
4.571
12.4591
19.6551
52.65
114.787
110.2801
32.78
72.5081
78.2304
7.008
16.8359
26.8698
51.978
114.4374
108.9548
37.095
78.0602
81.7061
8.635
18.1266
29.9338
52.072
115.8354
110.3591
37.856
79.8083
81.7906
8.562
17.869
28.705
51.512
116.1304
110.3285
39.756
82.1814
86.2104
9.425
18.8589
30.4877
1,054.94
106.7097
74.412
256.744
32.0818
15.1525
28.075
7.2231
1.7805
1,319.65
117.2493
89.8607
344.89
39.1527
18.4481
41.282
1,318.14
112.4288
88.9544
42.197
1,787.94
126.9367
113.1823
114.382
20.3073
7.1868
2,133.33
134.6248
124.4293
896.763
66.4155
45.8071
149.913
23.2955
8.5056
2,238.19
137.187
127.6161
963.787
68.5201
48.928
131.299
19.2696
7.7452
2,267.84
135.1481
126.5354
992.999
67.1424
50.7318
129.302
18.1647
7.6417
2,251.56
130.8339
122.3341
4.76
96.761
101.5228
4.756
75.957
85.9407
4.678
93.6631
100.6748
4.518
74.3642
81.0105
1.208
18.6516
41.6165
4.473
4.418
72.2866
85.3526
1.269
19.2754
40.6087
4.1
88.8423
86.0617
4.093
67.9595
77.4333
1.108
19.0709
36.0804
4.147
91.2596
89.406
4.04
67.6778
75.5308
0.973
14.7291
34.1439
99.458
92.1624
90.0474
42.144
46.6725
41.6614
3.553
5.7225
3.6881
110.369
105.2161
107.8996
60.036
63.0012
64.2411
5.499
8.4083
5.1372
104.323
102.036
103.4268
68.775
72.0508
77.3871
8.543
12.0536
8.9082
101.667
99.3846
101.0855
74.227
78.7655
84.5154
99.291
97.2853
98.445
74.32
80.3529
85.5513
94.184
92.5529
92.5998
75.444
82.0272
90.2854
1,512.68
115.4988
114.3694
1,038.20
89.5874
84.3269
1,429.08
105.7488
103.6319
1,058.26
83.6422
82.6112
1,346.17
98.823
95.8443
1,131.63
85.7997
84.9473
1,344.47
98.4856
95.7428
1,153.38
87.0994
85.6885
1,368.99
99.5971
97.6436
1,236.95
93.1855
90.3882
84.422
175.271
322.766
105.137
161.023
297.46
111.97
162.629
278.071
108.475
161.483
253.07
102.232
329.191
109.4941
107.8433
173.027
80.0235
82.3938
19.655
9.7231
8.6432
330.417
110.3352
107.8631
176.902
80.6338
85.0035
21.738
11.1323
9.1156
327.233
109.7232
106.6085
168.22
75.0162
81.8535
31.129
330.775
111.3898
107.3763
47.889
42.366
340.7
107.1773
103.5168
55.128
22.8966
28.5492
60.583
23.8727
32.6115
49.444
18.8829
27.1751
18,661.11
137.2152
129.1646
24,863.11
96.5187
106.2145
4,572.30
22.7626
29.2681
17,451.89
133.9461
128.188
23,616.94
91.4507
102.1236
6,115.14
31.9058
42.1642
16,893.49
23,538.72
6,552.71
16,630.22
116.7095
111.6979
24,224.95
96.7724
105.167
8,072.15
42.3421
57.5874
16,299.17
115.0574
110.392
23,501.78
97.3995
102.8562
8,285.48
43.6659
58.5037
16,118.57
115.3641
112.444
23,538.07
99.2399
103.9448
8,319.09
42.53
58.7549
2.824
1.707
1.136
2.898
1.882
3.128
1.942
1.211
3.201
2.029
3.277
1.987
3.358
2.027
0.827
3.309
2.034
0.834
3.334
2.255
46.012
112.7657
108.4158
43.9
97.3355
95.8458
5.023
9.74
19.3906
44.215
106.7775
106.302
48.724
98.8869
99.4872
5.776
10.92
20.4122
41.078
105.3912
105.0018
49.009
98.9606
98.9139
11.292
23.7381
40.0646
40.397
105.5494
104.6812
47.249
95.6348
96.0395
10.866
23.4643
38.6018
39.61
105.2637
104.2693
44.464
91.5069
93.0169
11.593
25.9188
40.3298
290.017
103.8104
102.7672
685.64
91.0377
87.3359
237.909
42.1008
48.8634
260.34
108.7088
108.3474
531.98
92.0819
88.2122
287.086
49.9603
66.1041
258.84
98.9184
98.1427
518.914
105.9292
102.2903
283.294
60.005
75.5946
261.793
97.5624
96.5487
501.398
103.9667
100.6227
278.953
61.9945
79.139
261.969
95.3457
94.3216
487.087
101.4179
98.2892
266.707
63.6621
79.2831
1,270.84
64.6491
51.8041
295.412
16.7062
11.8204
27.942
3.1694
1.4304
2,047.63
81.6177
74.2818
537.988
24.7844
18.9252
51.166
4.8193
2.3087
2,594.02
88.4546
86.18
841.886
32.3686
28.267
81.314
6.8011
3.3047
2,706.80
89.4895
87.2017
965.55
35.0669
32.3206
83.598
6.6216
3.4613
3,040.80
94.3526
92.9284
1,162.30
38.6336
37.5807
105.404
7.856
4.0947
1,036.86
89.6629
75.3754
171.11
15.7818
11.2473
16.915
3.6719
1.3707
1,849.86
141.7902
136.957
337.577
28.6535
19.4722
29.269
4.6364
2.3164
2,046.79
137.1449
138.6407
583.308
43.534
36.7538
51.225
8.287
2.5458
2,072.41
133.4977
134.8495
664.243
47.3248
42.9619
2,126.17
126.1056
126.1978
665.116
49.7494
50.8927
61.724
8.7222
3.7436
82.985
114.7245
110.1194
52.671
66.6809
75.3477
3.91
7.2557
7.7915
71.134
106.1337
99.0388
61.677
79.0906
94.047
10.144
15.6767
20.248
67.023
103.8661
96.3845
59.823
81.3298
91.4762
13.397
19.2219
27.4669
65.58
101.6311
94.9755
58.657
81.0997
89.5178
12.538
18.0327
25.5778
63.582
99.1627
92.5358
56.469
79.7046
87.2946
12.446
17.7483
25.6578
2,762.88
137.3456
126.3958
630.102
36.712
25.7321
45.37
3.8977
1.7518
2,695.37
135.6481
126.0338
56.81
4.6638
2.1246
2,340.61
127.6687
119.745
930.2
48.6801
41.6096
137.49
12.05
6.183
2,272.53
127.4066
120.2145
195.166
17.3969
10.4746
2,224.27
126.3596
117.8764
223.222
18.2375
11.4246
2,128.69
120.0248
113.5669
2,178.92
117.5177
116.6778
217.364
14.3925
11.8136
2,111.63
109.1172
106.4914
207.603
14.0659
12.1722
2,977.78
115.0564
96.6292
784.203
30.9554
24.4885
99.864
7.2046
4.7319
3,350.66
116.6661
101.138
1,268.66
45.2223
37.8561
174.144
10.3352
8.168
3,510.40
118.9047
102.8396
220.331
12.5775
10.2541
4,142.78
122.8562
109.5301
2,000.08
63.7796
54.3895
349.756
18.7212
14.6578
4,369.99
125.5436
112.8366
2,108.28
65.3241
56.0009
371.568
19.2531
15.5393
4,481.24
125.3256
112.8887
2,206.88
66.3765
57.0893
417.169
21.4205
16.8965
4,371.38
119.0378
107.2133
1,254.83
50.4466
68.6193
2,320.74
97.3873
96.5685
2,601.93
102.0839
99.8261
2,168.02
98.3704
98.8603
2,611.62
103.4985
101.066
1,430.17
52.1428
71.9341
2,249.16
101.195
102.3812
2,661.09
109.5307
110.1087
1,577.77
56.7013
75.7193
2,303.96
102.4097
103.2179
2,641.68
110.4372
111.3642
1,564.13
55.9583
75.0479
2,318.91
101.3976
101.4723
2,640.93
112.2415
113.8878
1,593.38
57.5123
77.0655
0.56
3.24
2.824
3.736
3.198
0.912
3.95
3.387
4.299
3.476
6.323
3.1229
0.5926
458.585
91.8403
62.7446
70.162
15.5104
8.0886
410.562
81.3509
54.4388
71.893
363.158
69.3213
45.9737
6.384
412.381
76.0256
52.3106
608.075
101.4483
71.9325
93.341
17.4616
9.7308
10.427
3.4878
1.5012
636.871
104.3164
74.1949
11.158
3.9984
1.2729
662.317
103.5587
76.9644
125.907
23.1948
11.9098
12.522
4.3319
1.5647
813.767
119.9783
91.5495
118.883
18.7832
11.9806
137.844
21.1773
13.972
1,262.39
85.4762
57.9554
245.286
23.1875
8.0545
12.373
2.6615
0.1721
1,727.03
94.8831
69.7773
430.383
31.7384
13.4298
22.13
3.5618
0.6229
2,442.66
116.3994
88.8677
508.73
31.7858
14.3669
42.463
5.7312
1.1314
2,270.10
104.3767
80.9654
513.248
30.9647
13.9656
2,213.22
99.0252
76.9977
535.112
30.9596
14.288
1,720.95
109.2346
104.269
1,630.10
94.8221
96.0077
663.694
49.7356
47.6688
1,546.54
102.8284
99.8521
1,518.22
91.354
94.3055
987.643
66.2032
71.47
1,469.10
99.5401
96.6049
1,556.37
98.7991
100.0626
1,205.18
81.2071
91.4969
1,477.54
100.1249
97.2277
1,546.32
99.3697
100.4259
1,221.77
83.2336
93.6774
1,514.76
102.802
100.0897
1,520.72
99.1724
100.1631
1,238.99
84.7837
98.4623
121,662.36
119.2253
118.6399
95,624.76
63.5785
60.0011
15,186.22
16.6402
13.7598
20,601.22
19.7754
17.8668
101,018.62
108.2373
106.5634
99,218.08
88.0987
87.9539
31,046.74
23.3325
24.8231
98,870.82
103.9289
103.8153
94,324.42
94.2265
95.94
34,091.29
29.5507
33.5672
95,107.12
99.1224
99.296
88,691.79
41,924.20
38.3185
44.5704
95,958.04
99.1812
99.51
86,127.20
43,367.39
41.6601
49.4844
100,321.03
101.5544
102.6343
83,407.93
44,127.51
46.4335
56.1658
451.171
498.354
81.2971
81.8833
152.294
33.0247
33.3281
348.549
508.269
87.5144
87.1185
264.761
59.2265
58.9135
324.171
109.4317
107.1028
415.971
102.0527
99.0422
304.8858
65.0355
72.4673
332.531
110.4599
107.9054
393.952
102.878
99.8714
298.6427
64.9371
73.1317
352.469
107.7895
105.7543
357.158
106.7068
102.0483
300.2234
70.104
77.526
37.401
102.8045
96.6149
46.539
89.2597
83.2055
23.42
65.7234
44.1755
25.326
96.6062
94.8341
38.222
89.0165
86.2326
29.476
56.031
54.045
22.862
101.2699
100.485
32.054
94.4611
92.0276
29.521
56.974
72.9096
24.252
104.1427
102.5716
30.088
95.5687
94.1498
30.771
61.9849
80.7269
28.438
106.1903
105.0077
27.473
101.2285
101.4802
32.75
73.5158
95.9716
5,298.26
128.7435
126.214
4,297.23
79.2622
87.7175
1,223.59
28.0309
30.3711
5,084.97
125.4071
123.1145
5,079.73
97.3162
106.9163
1,674.42
37.5888
41.2876
4,542.64
115.6682
111.7424
4,827.96
95.0708
102.6041
2,220.65
49.5353
57.1454
4,479.22
115.4408
111.6052
4,793.96
94.7827
101.5388
2,293.55
51.5398
59.9136
4,351.71
114.6039
110.6749
4,784.85
96.0019
101.2842
2,446.31
55.9855
65.0228
104.274
120.8222
99.4856
38.272
43.5031
36.5288
1.707
3.4845
2.7073
103.809
114.546
101.605
42.919
49.8404
37.9991
111.115
112.9876
104.1426
3.905
6.616
4.9263
120.381
108.6214
101.2013
70.234
59.1048
63.1437
6.499
9.9125
8.049
121.517
101.5829
97.2363
67.445
53.8652
57.2089
509.507
100.4409
94.3351
204.096
46.4986
31.9628
12.347
5.3175
2.1358
584.37
111.9957
104.9974
235.294
48.1707
40.6666
597.304
111.3997
103.5445
671.683
109.0435
101.5457
23.397
10.2532
2.1593
705.093
109.9557
103.8393
734.493
100.5641
107.7968
339.25
55.8466
48.3635
39.303
12.2459
7.6888
37.037
10.621
7.9725
2.201
110.2218
113.0342
1.899
75.0973
84.9091
1.841
104.6256
103.6047
1.893
80.7137
88.1308
1.874
111.4716
105.8005
1.88
94.5578
101.2277
0.521
41.206
50.0911
1.843
109.7532
104.9654
1.718
85.0246
93.6473
1.789
109.0802
99.7691
1.724
85.757
93.2973
1.858
111.7233
105.2326
1.685
84.8638
90.0747
558.084
116.7499
114.0048
339.763
80.7907
84.2793
108.765
24.4835
30.1818
542.087
114.3962
111.4815
347.244
82.6128
86.1895
520.609
118.1142
115.8217
413.686
100.119
104.3435
475.731
111.2648
110.287
460.235
117.1879
123.6097
216.751
47.5215
58.7842
473.447
110.1254
109.4948
460.252
120.7106
125.5701
217.841
46.6152
60.939
475.756
109.664
110.2886
462.855
122.8062
129.4503
217.55
48.4158
59.8098
221.291
49.3117
62.1833
2,046.17
79.3127
63.5464
2,383.36
79.3639
64.8448
152.896
11.2613
5.9536
144.27
10.4387
5.3895
3,176.87
94.2469
81.9584
1,418.36
46.4355
32.7206
176.504
10.7641
6.2981
3,370.56
97.632
85.9478
1,587.35
50.4425
36.0532
192.689
10.838
7.1719
3,617.22
102.1059
91.303
1,727.23
53.315
38.812
202.509
10.7791
7.5143
3,772.14
103.5703
94.0437
1,898.24
56.7532
42.6035
196.253
103.3253
103.3666
400.123
91.6513
94.7586
134.658
40.5267
49.1706
167.452
91.8739
92.0221
388.515
96.5469
103.429
149.853
46.2751
62.1065
160.819
99.1138
98.8376
370.356
96.9871
100.561
166.061
57.1808
78.3851
162.355
97.903
98.1846
360.205
95.9833
100.6022
162.022
57.0941
77.3371
162.519
95.0182
95.7951
349.018
95.6016
100.0322
162.017
56.9745
78.4691
895.045
99.7072
96.773
937.493
91.5518
93.0826
471.858
46.6132
78.8278
852.744
103.976
102.1811
808.904
90.8466
91.4432
800.873
72.4489
119.2368
772.023
101.449
99.9796
787.297
91.7866
92.8242
373.286
36.8868
61.5395
763.364
104.094
98.9815
830.375
97.7913
100.2786
301.773
745.733
103.7986
97.9218
825.055
98.6476
102.248
261.413
29.9193
42.2335
733.77
104.368
99.2398
815.786
103.022
105.658
286.542
30.1094
51.1896
20.812
176.3317
169.2425
11.219
84.058
91.0817
2.196
13.0089
29.6005
61.247
100.9213
100.7913
64.293
95.6543
97.4789
20.078
31.2016
35.3307
54.806
101.6154
101.6338
63.662
90.9124
91.994
32.233
50.8715
45.6298
53.129
98.7459
99.5871
58.634
99.3794
99.4557
33.674
44.1031
62.5988
53.773
99.3095
99.2902
57.161
100.1336
99.4092
37.166
51.1118
69.3955
502.831
99.9035
98.4839
975.284
94.8141
96.5662
336.307
44.8261
52.0285
463.357
104.0131
103.5941
836.847
94.3887
94.9474
437.354
53.636
74.8908
510.613
98.6169
98.6487
781.392
104.4053
104.9009
418.624
54.8505
76.8841
534.932
99.319
99.6867
770.437
104.5599
105.5618
395.529
53.7792
75.656
557.455
99.958
100.5082
765.502
104.2023
105.0793
371.948
53.1845
74.8103
1,546.55
99.4443
99.4079
593.179
40.7957
20.5735
600.424
1,357.61
93.452
93.6574
2,148.36
92.4229
93.4616
565.35
36.1284
19.9527
1,507.78
88.0976
88.1019
526.4
35.4294
5,455.39
74.88
59.0629
10,244.09
108.1902
92.8448
3,398.55
53.1055
29.8528
377.867
10.2841
3.1925
10,572.42
106.9579
93.0955
3,484.46
52.2276
30.1497
12,600.88
111.8253
101.3459
3,995.63
52.9476
32.844
442.979
9.5252
4.3369
13,534.63
115.4574
104.9593
4,388.46
56.0941
34.8799
13,763.20
108.4388
107.6424
4,618.90
56.2976
36.0031
464.678
8.4714
4.734
414.103
98.7853
98.6751
464.952
121.8641
126.4686
232.255
67.6549
93.3914
403.344
99.4813
99.6852
504.205
118.9772
120.0415
240.536
60.3624
87.442
467.484
101.871
100.7033
553.791
126.7033
132.1263
301.399
67.4424
95.3425
468.536
102.1265
100.7648
553.263
127.3253
133.3696
313.756
68.7028
96.2923
471.787
102.388
101.1915
540.622
127.2971
131.0499
314.822
68.8473
93.9538
50.651
47.7689
39.3854
30.142
27.4412
18.3317
1.696
2.6616
1.9332
55.546
58.9305
52.9908
44.481
38.5072
28.4183
3.159
4.0491
2.8268
3.225
4.0791
2.82
60.992
64.2356
58.377
50.965
42.1168
33.8103
4.705
5.9719
4.0434
64.319
69.5089
60.6102
58.553
47.2627
38.2354
62.94
67.9653
60.3632
59.483
47.9921
38.4887
62.979
69.3124
60.8378
65.144
51.4196
43.243
9.441
99.3846
99.416
7.476
103.2891
111.7454
8.138
110.0053
107.5925
6.766
92.7798
101.3614
7.695
117.9078
117.9919
5.663
98.0306
96.1552
7.535
117.1714
114.8137
5.561
101.1811
99.781
7.323
114.0701
110.5394
1,374.62
115.4151
116.2853
286.954
26.4883
41.6437
1,289.75
111.1122
105.5479
808.352
64.8911
77.5294
1,317.80
117.3496
103.4137
904.527
73.6254
82.7894
1,267.93
112.7345
102.2051
931.068
76.1924
84.1911
455.822
37.827
60.9121
1,307.13
116.4142
106.2186
929.493
76.207
83.8412
480.103
36.649
66.9893
1,253.34
111.4936
103.9693
924.737
76.5281
83.0294
556.523
42.9821
77.0124
1,997.62
111.9558
111.4933
1,053.18
61.5492
62.2188
2,008.02
110.0303
111.552
534.522
35.9851
41.4559
2,114.20
116.8861
116.7102
1,655.27
90.9485
94.818
2,089.09
114.7599
115.4022
1,822.64
99.1326
103.7381
572.721
34.5816
45.2991
2,068.18
113.1307
113.4923
1,882.59
102.4459
106.5823
586.105
2,093.84
113.6759
113.9644
1,942.23
105.6763
109.7996
1,998.14
107.3895
107.8664
1,932.35
105.3264
109.1919
669.437
42.2167
48.9828
1,951.19
103.7151
104.6576
1,929.52
105.576
108.6386
7,928.38
97.8324
94.6806
8,329.82
80.9795
76.7585
2,260.76
31.0868
25.1605
9,563.63
99.4485
94.2107
2,351.98
31.8293
26.7765
10,542.14
105.0612
102.0167
6,845.75
70.0748
68.1744
2,645.83
31.5043
28.8655
11,128.03
101.2737
100.9728
8,208.33
83.4102
82.9637
2,544.11
32.4412
29.0234
2,868.91
35.7836
34.4416
11,764.16
103.5854
103.666
8,744.80
86.6754
85.165
2,789.28
34.043
34.8463
12,161.38
104.8179
105.1149
8,938.26
87.2701
85.6659
1,045.48
120.6629
116.5658
524.202
68.0143
68.0451
122.431
21.7637
24.2881
939.726
118.0943
112.7704
577.111
69.6118
69.2165
150.012
24.8898
27.5024
777.043
109.0125
104.4221
625.06
77.0021
77.4709
176.293
26.6604
29.2407
741.394
105.2416
100.8882
599.947
75.3901
75.9715
179.396
26.6339
29.4738
678.137
98.1478
94.8768
535.68
72.0701
71.5501
186.067
27.0638
30.2724
73.377
111.8561
92.2752
20.705
32.2314
14.4084
1.003
2.3713
1.2138
75.809
90.8331
87.7159
25.544
29.8403
21.9562
85.061
69.4025
68.4413
92.029
69.0096
68.5707
93.396
61.813
61.3355
374.997
83.9755
67.3842
194.124
35.2675
20.1453
4.612
1.9429
0.2944
377.512
84.1351
68.2368
216.944
38.4188
22.969
286.021
57.1385
48.6613
248.082
41.7626
32.0091
12.039
3.6686
1.3919
361.604
60.0501
51.1986
270.088
41.4289
33.8261
12.554
3.7362
1.8423
361.684
58.0378
49.9544
245.806
35.7756
30.4217
10.938
2.9708
1.9254
10.231
2.6815
1.897
347.009
53.1139
45.5782
247.424
32.4122
29.1296
85.539
100.1597
97.5818
124.493
101.0339
104.6716
67.76
50.9444
85.7975
72.955
103.8156
102.2561
95.331
105.2822
105.347
68.985
51.6342
85.8625
77.215
98.031
97.574
77.873
108.4381
107.9307
59.998
58.6183
88.6111
79.594
96.9267
97.0475
77.91
111.0514
110.6571
55.214
57.6158
87.3833
82.824
97.0458
97.1941
80.212
114.6
115.4513
51.092
57.2157
86.4479
221.596
106.234
99.1424
70.964
46.9185
47.4559
5.897
4.6062
4.8687
229.686
111.2447
103.2863
76.979
50.5067
51.3104
5.692
4.5018
4.3936
241.237
118.234
107.8532
88.619
58.1858
57.7112
239.019
114.9565
104.7545
93.461
62.8781
61.32
8.057
5.2665
5.495
240.437
113.9713
104.1412
97.229
65.2029
64.3196
241.404
112.7619
102.9339
100.494
67.2547
66.8306
239.028
109.5308
100.4471
108.288
72.8869
71.7024
10,019.73
86.0484
71.8543
2,488.47
30.793
18.5405
191.212
4.1635
1.3364
13,635.29
95.3787
88.0942
4,206.70
37.9677
31.5479
577.594
10.2208
4.3994
14,532.48
98.0453
90.9839
4,928.71
39.5524
35.7213
693.287
11.0786
5.1515
15,733.28
104.1371
95.624
757.175
10.9335
5.265
16,198.05
106.7626
97.0276
5,028.68
35.8294
34.3556
113.449
113.3973
111.7825
102.023
88.009
93.8664
12.783
14.5627
17.4192
12.717
14.7473
17.6047
100.967
105.8725
104.2747
97.937
83.0692
90.9169
102.778
104.5177
105.4823
97.254
84.3012
93.4293
105.037
105.0874
106.2116
108.727
106.001
105.0596
110.127
105.7917
104.7823
381.785
98.7881
98.0327
430.596
109.348
114.3407
305.996
83.261
100.4912
347.06
99.802
99.1513
426.71
105.187
110.0811
303.554
84.2725
103.0757
351.766
100.8337
100.3877
536.925
139.6834
153.4741
306.08
80.8323
97.2582
355.231
100.8479
100.2413
540.067
142.9369
157.4213
302.478
79.8527
95.8132
359.635
100.6418
100.1924
539.816
144.9512
159.747
297.163
79.7513
94.5181
4,015.49
105.1338
104.1135
6,036.19
106.5808
106.9919
2,187.38
47.8666
59.9969
4,159.09
103.3655
102.1285
5,873.10
105.9107
106.9646
2,245.10
48.7075
61.2457
4,188.55
102.3317
101.8602
5,947.21
103.3207
104.96
2,388.88
55.1786
68.6153
4,255.99
102.267
101.6684
5,982.87
102.8973
103.9619
2,424.16
56.0809
69.7193
4,284.17
102.2474
101.7145
6,016.61
102.7146
103.4942
2,480.19
57.6803
71.4589
281.871
142.9082
142.045
105.191
279.816
139.4919
138.4876
10.076
10.4531
6.1336
317.946
140.7777
136.6339
204.731
92.6763
93.4939
1.53
1.926
0.427
205.347
88.6941
91.4811
229.013
82.5824
84.8512
124.397
58.518
55.6746
3.312
2.5912
1.7627
244.033
81.6384
85.364
5.001
3.684
2.522
274.903
85.875
90.6612
293.503
88.5173
94.5147
350.323
95.757
104.787
338.222
90.8403
88.6268
316.43
80.8342
79.0524
174.255
44.918
46.9566
311.265
101.5265
100.1375
305.388
89.8651
86.3914
129.926
30.8688
37.6083
298.935
101.8702
101.3893
341.649
95.225
22.7948
28.7505
289.137
101.4201
102.1659
105.696
25.7087
32.8043
285.329
105.3811
104.7328
281.739
97.3385
99.8
120.923
36.0298
45.3499
288.541
104.1357
104.5257
277.874
100.5842
103.2691
127.633
41.0866
50.3344
301.094
102.2701
103.3359
275.464
106.487
108.1284
144.337
54.0114
61.3381
3,306.14
103.1082
102.9189
8,267.64
103.2857
100.8404
3,067.52
103.0885
102.7749
7,663.76
106.4342
101.1529
2,862.69
101.7721
101.1258
7,201.07
103.3442
98.6791
2,912.20
65.6693
62.6137
2,879.39
102.6641
102.0993
7,112.95
103.3945
98.581
2,977.78
66.9151
65.5982
2,895.20
103.2398
102.7153
7,073.16
104.5887
99.0635
3,043.08
68.3674
68.2848
2,929.54
90.3577
86.9074
1,370.26
44.934
37.2174
119.559
7.6603
4.0944
3,659.12
102.6633
100.7822
1,812.08
52.8403
46.2909
203.376
11.3829
6.6702
4,117.15
105.3961
105.3334
2,265.69
66.7671
62.6454
402.142
18.6122
12.4267
4,342.32
108.578
108.7054
2,439.50
70.4772
66.8598
417.534
18.6195
12.9383
4,393.06
104.0803
105.5014
2,550.71
70.8524
69.014
443.978
18.6816
13.5339
4,401.19
101.6902
103.2884
2,677.15
72.7263
71.7205
2.377
1.55
3.255
1.657
2.834
2.212
650.242
96.3519
94.3102
715.537
100.3977
95.7886
646.587
80.7959
90.0462
642.639
96.424
94.6595
716.601
105.4317
98.9748
641.844
99.9839
103.715
628.753
94.5009
93.3818
667.718
101.8987
96.2266
677.429
117.9723
116.8553
643.762
95.4771
94.5992
662.741
102.646
95.882
646.577
94.3637
93.9713
662.446
103.1987
97.0754
709.488
127.3533
125.3685
14.427
98.3781
95.5145
12.549
96.8721
98.7447
14.186
107.5769
101.4772
11.031
100.7442
100.8278
6.689
44.8524
60.8737
13.663
105.1331
101.549
11.5
106.2419
109.3851
13.061
103.9409
102.2363
9.736
101.1972
100.5079
13.445
106.7366
102.8654
9.309
99.3129
98.9967
9.236
84.5659
97.8834
13.464
104.7323
99.2689
8.834
96.7105
102.0295
9.182
84.5517
104.6731
2,075.69
107.3055
98.8098
608.42
37.75
33.8428
111.739
10.6217
7.7999
2,345.30
113.292
106.3013
754.496
43.2019
39.7856
2,448.98
114.0086
108.659
864.154
46.3677
43.5952
233.885
17.1162
17.519
2,653.48
116.6463
114.2812
1,082.32
53.8923
50.7257
233.333
2,417.43
104.0779
101.0174
1,165.62
53.997
51.1825
298.761
17.1966
19.1804
2,381.92
103.0794
99.8779
1,220.65
55.7808
52.555
366.674
20.0414
23.5579
2,348.86
102.7186
99.6255
1,220.33
54.1349
51.4746
1,206.74
87.5547
70.2051
420.057
38.7779
19.3106
23.788
4.6533
1.0767
1,364.49
91.5684
76.733
530.705
43.3862
25.0613
80.222
13.4707
4.4067
1,453.36
94.1333
77.5365
98.528
15.6356
5.1663
1,729.63
101.6501
86.0914
715.702
48.5662
31.865
117.943
15.4995
6.9323
1,776.56
101.5427
83.1493
150.041
87.7895
58.8909
25.78
22.7981
12.3536
252.488
50.507
3.122
269.287
55.176
3.689
278.89
122.1161
114.0519
116.756
99.8893
100.2067
70.615
83.8665
86.5996
7.278
7.4437
15.9384
99.241
96.6852
96.688
80.676
87.2081
92.7586
7.939
6.8628
16.6204
94.488
95.0903
97.1325
85.934
96.6468
100.9422
8.857
7.5762
15.5661
1,257.36
109.0578
108.5481
122.874
13.2098
18.9803
1,231.53
105.5367
105.4012
1,274.90
105.2411
104.9346
655.294
61.2947
75.3321
169.878
18.014
20.7946
1,150.04
96.0246
94.1999
619.832
47.9773
56.1972
185.876
17.0086
23.1804
1,154.14
96.6736
95.7539
637.727
48.5324
57.899
195.469
17.6191
24.0404
1,123.95
95.4298
95.0052
655.09
50.618
57.8301
430.561
99.1355
97.1144
960.215
96.7354
95.7542
436.012
52.9889
77.4797
387.969
101.1687
100.5159
904.848
97.693
96.4258
388.95
54.1353
73.7795
393.02
102.1828
101.4535
857.807
103.8615
104.4654
329.455
45.4588
58.8584
395.549
102.4806
102.112
826.626
102.7074
103.311
307.729
43.4796
54.6778
394.433
102.0141
101.7201
808.744
103.1192
102.2573
295.328
42.8479
53.4634
30.785
98.0117
95.662
33.323
110.4616
112.0669
15.169
48.1197
92.4941
29.568
98.9835
99.6376
35.623
106.4723
108.1961
18.051
56.7668
101.5427
29.892
98.6502
97.7007
37.53
116.6203
120.7053
19.901
59.7905
104.1499
30.422
98.6719
98.577
36.818
118.6276
119.5573
18.94
54.7004
98.0491
31.194
99.5827
99.4831
35.651
117.5228
117.7392
18.59
51.7824
96.7979
125,568.60
104.3356
101.5132
81,050.13
55.0126
44.2241
11,295.04
12.651
8.5444
89,461.79
59.1717
48.7391
11,777.30
12.512
8.8069
138,413.84
108.1462
110.3739
107,686.87
65.5043
60.8697
20,740.74
20.6167
14.9717
137,808.91
102.3472
114.0263
129,438.99
73.8184
74.8029
30,305.85
25.744
25.3089
138,518.03
102.7125
114.9538
129,542.06
73.5457
74.4619
32,107.42
27.004
26.7334
145,802.54
106.1489
123.8739
132,161.36
74.5919
75.8291
32,391.80
26.901
26.9592
33,374.11
27.1643
27.9578
29,142.09
109.6073
108.0364
16,353.93
62.1249
61.5919
3,551.09
18.5254
14.6777
29,149.75
109.4862
106.1246
15,993.19
60.4409
59.8055
3,662.23
30,341.82
108.0042
112.2076
19,975.92
74.0763
75.0443
5,001.05
24.2302
21.8146
29,838.44
106.0136
103.3852
22,586.96
83.5792
83.537
6,463.30
27.7675
31.4202
29,699.77
105.7513
102.4237
23,756.32
86.8643
87.7608
29,351.82
105.6124
101.1903
24,318.26
86.5397
89.0813
7,983.63
34.1565
38.4955
6,206.72
100.7083
98.2349
9,066.41
76.9415
74.1192
2,126.27
22.2174
23.507
5,629.59
105.7296
104.7646
7,347.08
82.2396
80.6497
3,790.86
42.7061
42.2209
7,441.08
106.3227
111.4968
5,794.54
88.3675
87.8091
4,685.39
67.9914
63.1566
7,670.18
105.777
111.5534
5,712.48
88.8487
89.0533
8,006.28
106.5039
112.3887
5,713.65
88.9981
91.0311
4,348.38
71.9633
65.5215
8,171.67
106.195
109.7716
5,684.24
88.4812
89.8818
4,334.61
113.0767
95.167
1,706.23
56.7474
38.1899
412.545
19.8429
11.8368
424.908
19.9968
11.9458
4,864.35
116.9953
98.7497
2,037.51
60.9994
45.5951
454.06
103.2622
102.8829
317.337
105.2217
114.5627
186.561
52.5497
65.3106
506.4
103.1935
103.2796
336.464
114.7542
121.6575
194.009
60.7876
65.4138
536.471
101.7545
101.3202
348.116
115.2607
118.2979
203.912
71.835
75.8587
544.856
101.3826
100.9774
354.67
115.4066
118.652
214.632
74.0417
80.5806
553.585
101.6268
101.043
360.088
115.5167
118.6134
218.411
73.7168
81.5645
721.999
103.2766
103.8286
673.005
105.0439
104.4309
310.937
50.1155
66.4205
786.094
102.6187
103.1724
693.877
100.9375
103.1077
342.707
54.4852
70.6782
807.424
104.0272
104.4864
708.34
100.8655
103.2975
360.378
861.699
103.8367
104.2355
767.729
101.0939
102.6492
376.952
56.6806
76.1833
883.706
104.1501
104.8402
784.752
101.9902
103.0123
374.048
54.5715
75.4716
917.118
103.3702
104.2943
819.462
103.088
104.8353
377.21
52.233
73.6486
2,771.25
101.8349
100.7358
4,507.41
98.456
97.793
2,015.00
54.2217
74.2001
2,822.15
102.4467
101.3737
4,626.43
102.6929
101.2745
1,980.40
54.6945
77.9719
2,862.67
102.0385
101.1275
4,596.92
103.9172
101.6292
1,854.36
53.4578
73.8089
2,856.25
101.561
100.7758
4,606.02
104.3308
101.9601
1,826.48
53.5543
72.6761
2,831.82
100.4633
100.2414
4,589.55
103.7215
101.89
1,815.95
54.0911
72.4167
329.762
96.2554
96.0687
228.316
83.1074
86.0943
45.394
11.6648
25.4796
331.286
96.1292
96.4499
245.533
88.0165
91.945
52.26
326.411
246.332
87.0502
92.3951
47.583
294.285
260.371
88.2309
95.4947
71.352
16.3941
37.7879
278.331
228.935
79.1383
85.1559
74.414
16.6483
37.9759
266.201
223.92
78.5891
84.9097
259.449
215.2
77.7965
83.5416
74.537
19.8006
34.1862
246.972
204.08
80.0783
84.7827
6,714.54
99.3606
99.7262
7,227.49
101.038
101.7582
3,862.46
6,638.17
98.6448
98.9636
7,221.14
101.8494
102.4511
3,845.40
6,581.95
98.0447
98.4361
7,157.30
102.0487
102.7034
3,846.93
799.888
99.0166
100.0151
615.731
83.8497
86.2369
214.106
35.2092
39.8373
804.904
625.682
83.8034
86.2992
217.823
35.8747
38.9924
819.601
709.712
79.3896
82.4529
246.928
34.9445
39.7338
849.39
724.356
73.6759
75.7247
306.63
39.4274
45.4507
979.792
749.134
68.8827
71.3143
312.75
35.828
38.9826
1,106.61
763.694
63.8864
65.9132
283.904
29.5786
33.872
1,208.32
95.5644
95.946
1,994.49
90.3305
95.2188
418.473
28.9027
34.3607
1,023.97
101.4629
101.3999
957.919
107.7433
108.3328
1,817.98
97.1696
97.7105
756.706
40.2772
51.1464
1,122.28
111.4769
111.574
1,661.59
104.4451
107.1345
727.401
42.6412
53.8648
1,196.03
110.6046
110.8062
1,679.27
107.6046
111.3921
658.413
40.3059
51.4944
1,356.50
107.0542
108.8214
1,768.15
112.5828
113.589
626.576
43.8849
55.4733
1,406.97
103.991
105.7813
1,842.92
112.5131
113.3749
632.048
47.5719
6,075.71
103.4651
99.4089
2,468.48
48.7949
46.5623
113.532
3.7168
2.2155
7,150.26
107.4338
105.2415
3,204.38
60.7423
54.919
167.983
4.7448
3.3339
8,158.00
107.7516
108.468
8,168.71
105.9768
105.8631
421.134
10.9451
7.8548
8,290.45
105.1407
105.4761
539.749
13.6803
9.6356
16.133
111.2064
112.769
11.522
83.1361
95.3377
16.123
108.3075
113.1196
11.583
82.9469
91.5419
15.566
108.0233
113.7347
16.192
111.1745
115.182
15.915
102.8381
106.1627
16.695
97.0456
102.999
158.271
97.9143
106.9105
267.114
99.1317
104.9486
36.866
12.2263
28.0611
202.826
102.7216
106.4452
244.432
104.3953
114.2113
213.733
103.0227
101.4874
263.554
96.7622
98.9871
239.231
101.9889
105.4726
278.581
92.153
96.8538
71.786
22.974
42.6578
252.585
101.7612
105.1404
283.077
90.4524
96.4683
264.185
100.3815
104.4264
302.047
93.9781
101.4139
275.334
97.4541
97.1096
434.155
99.6409
98.067
721.205
86.4493
86.755
220.46
37.7701
47.4926
390.711
99.7752
98.9597
693.521
87.6634
87.3447
260.583
36.585
47.709
434.642
108.9926
107.9701
650.516
91.6675
92.489
267.92
40.2684
52.446
451.212
108.26
107.4783
643.407
92.6199
94.104
265.382
41.1781
53.7135
501.011
108.257
107.4409
660.063
98.4204
98.4587
231.191
39.0051
48.5
890.821
119.58
104.5798
393.856
49.5241
37.3872
47.424
9.141
6.4487
916.341
128.5971
118.6918
434.717
51.1347
42.385
118.295
18.7553
14.3777
870.893
121.6567
115.9707
600.747
61.6817
56.2539
132.435
18.939
17.6606
850.466
117.0847
112.4683
640.231
66.044
61.0878
130.191
18.5143
17.6843
808.705
108.7308
105.1903
677.497
70.1919
65.4534
111.411
15.3581
16.1
84.369
106.0629
103.5472
271.631
102.9515
102.4117
130.706
54.4265
97.2924
113.691
103.9329
101.9425
147.375
103.4977
102.115
112.567
50.4342
88.4325
114.623
99.9032
99.7337
121.58
115.1292
112.1997
89.671
58.6705
83.7771
117.303
99.3578
99.4308
117.761
113.4825
111.1742
85.881
58.4065
91.1336
121.506
99.2741
99.466
117.36
111.2582
110.1625
82.914
72.0232
105.059
475.798
107.8132
98.9938
377.89
80.1742
80.7883
165.73
42.9972
45.1816
461.719
109.5387
99.979
383.226
74.4663
76.0485
202.345
47.3967
49.2956
480.923
98.5309
90.1868
370.359
61.6256
61.9541
228.954
39.618
45.8456
491.455
96.7348
88.4673
382.427
61.5554
61.0611
216.468
502.505
97.2685
89.5155
401.031
63.5683
62.985
221.159
422.278
117.1891
116.9955
94.496
34.4511
44.4306
7.918
3.1125
4.2128
424.855
117.6979
117.4073
96.073
34.8243
45.003
8.5
3.4183
4.318
388.681
111.8261
109.0121
125.823
42.3367
59.6599
366.048
107.8373
104.7947
130.836
44.3136
60.0452
23.545
8.2557
11.7874
361.637
106.4591
103.0219
133.434
45.7101
61.4375
21.664
7.277
10.9438
367.931
106.6618
102.9541
136.497
47.5587
64.5405
496.253
129.9397
95.6895
135.509
40.8302
29.6671
52.251
24.9987
13.8279
605.236
105.2625
94.3539
33.47
12.1195
6.4588
43.883
14.2616
9.0056
683.977
99.7535
91.808
222.857
42.585
33.2027
684.404
98.7034
89.2814
226.832
42.0175
32.6148
694.481
97.7226
89.7803
227.153
40.6132
31.7637
739.028
104.8581
101.7199
797.992
100.6835
107.2427
375.028
57.5068
63.6474
713.902
102.8463
101.741
701.536
84.5405
100.7611
755.338
111.5113
106.9883
732.614
90.1581
105.9791
2.266
109.8551
108.4534
3.273
117.1895
103.8597
0.532
35.747
13.2586
2.242
3.142
0.527
2.067
108.6066
102.3374
3.274
117.6354
100
0.787
44.3447
27.3576
1.929
103.0591
102.2556
3.387
127.8498
103.2742
0.83
50.8123
24.1411
1.977
106.4922
104.8035
3.349
130.7263
101.7218
0.75
44.8458
21.8892
1.998
107.4795
103.3769
3.272
130.2707
101.9068
0.774
45.3309
24.7516
158.105
103.2481
102.421
423.706
104.8151
104.1658
195.405
62.5167
97.5386
122.458
100.981
99.8295
342.905
105.9713
104.1204
201.373
69.1593
104.5516
108.115
101.7093
101.4357
277.349
110.3968
105.8468
148.389
57.3866
84.1832
108.038
102.2269
101.946
263.242
109.8386
105.3827
140.629
57.5259
82.6766
110.193
103.0263
102.7513
250.87
109.7391
104.9873
133.759
60.1374
82.5495
34.081
99.5218
99.2942
34.716
93.6369
98.6928
3.077
11.1378
13.2826
35.016
100.7357
100.8861
35.946
92.8973
97.9194
35.187
97.1389
98.1187
42.536
99.893
102.8664
5.376
17.3432
19.2324
35.397
96.8946
97.2103
44.237
98.5431
102.0155
6.085
18.2017
20.6645
35.435
96.9345
97.3048
46.872
101.1218
103.4941
35.92
98.6308
98.6233
47.027
100.1056
103.9307
6.896
18.7133
20.7679
36.626
100.9415
100.631
47.715
102.1167
105.2977
6.954
18.5635
20.6333
3,597.73
141.975
135.8254
621.173
21.931
21.0019
44.948
2.8295
2.5218
4,323.98
150.9977
147.6117
1,022.46
31.6148
29.69
68.46
3.6725
3.3175
4,241.92
145.0266
142.403
74.444
3.8399
3.5006
4,610.72
145.4472
145.049
1,493.83
38.7274
37.9812
113.025
5.0255
4.6128
4,763.52
147.335
147.2957
1,536.21
38.7251
38.2994
117.012
5.0488
4.5649
4,733.73
143.6968
143.9533
1,561.31
38.4154
38.2075
121.818
5.0271
4.6248
1,534.27
36.6786
37.1228
2,868.04
123.5094
125.0569
516.462
29.5758
23.7753
5.81
0.6087
0.3309
3,417.40
131.4923
134.5583
692.157
33.8088
30.2649
10.296
0.841
0.5106
3,564.20
133.4161
136.9093
736.364
34.7962
31.3579
12.203
0.947
0.6044
4,096.61
140.7815
143.6971
920.209
39.9904
36.2204
4,204.50
139.6007
142.7841
961.589
40.4269
37.0927
4,433.98
137.5486
142.3735
998.94
39.2834
37.0018
3,202.01
99.9968
100.0305
2,489.12
76.7913
84.7195
696.76
24.1302
31.9444
3,233.65
99.8452
100.6695
2,615.72
74.8106
80.5664
1,061.42
31.6284
43.3168
3,178.36
104.5141
104.6556
2,846.47
81.4075
88.2067
1,128.03
31.1119
43.1371
3,107.87
103.3784
103.1994
2,801.44
81.5435
88.6066
1,302.09
36.4469
48.8287
3,084.63
102.62
103.5985
2,744.64
84.0627
88.3809
1,248.93
38.6409
45.4564
66.169
128.193
124.0623
28.612
63.9668
73.1852
0.073
0.1103
0.2888
63.3
127.7268
122.7363
28.878
63.9606
74.6367
57.873
121.1244
116.9654
47.082
111.7307
107.2184
5.171
9.5172
13.4001
44.675
109.3226
105.3644
42.146
39.57
6.089
9.9499
20.4955
42.137
102.278
99.7751
45.326
101.5663
101.4685
1,227.27
75.1907
56.6173
22.632
2.7736
1.3948
1,505.90
82.5205
64.8159
429.716
31.8021
19.6028
2,018.55
89.5983
76.8374
758.285
46.3577
31.8658
81.188
8.616
3.5578
2,181.62
81.5108
72.317
961.046
50.3851
37.3427
87.662
8.3778
3.4927
2,227.08
79.6092
71.4525
945.484
46.4073
36.7811
83.15
7.7188
3.2265
2,538.50
84.4631
75.5514
1,017.42
45.7987
37.021
29.596
97.977
95.6988
40.129
104.5335
100.3155
9.441
27.5259
37.2766
24.985
98.6845
99.3422
37.163
109.6915
97.9703
10.84
31.6166
42.7482
24.072
101.0929
102.7501
30.23
92.1724
96.4711
12.61
38.925
50.8826
24.624
102.1972
104.7225
29.434
91.7026
98.0988
13.216
40.257
55.1673
25.177
102.6201
106.6372
28.776
93.7982
97.7691
13.329
41.5437
56.7766
8.757
124.577
116.1263
6.353
71.7066
74.3796
0.903
14.2391
18.2927
8.055
103.0244
129.8516
5.26
75.6255
75.7442
8.398
107.4248
107.8997
5.229
101.4358
104.3912
8.546
105.7313
105.0474
1.33
44.5902
41.1914
8.236
93.4888
93.3052
5.454
73.1049
80.422
7.941
88.6126
90.0209
5.5
69.7983
76.4511
443.615
89.3942
91.9313
92.796
23.6072
20.6701
8.758
4.3401
1.4585
531.383
94.2092
98.2797
110.206
21.8373
18.5784
14.536
6.1724
2.5059
568.953
93.5172
98.0111
171.265
30.075
28.149
19.243
7.3451
3.2579
592.249
94.5446
99.8252
178.968
30.9922
28.3293
632.761
98.7709
103.7253
187.56
31.4417
29.2158
20.8
7.2389
3.6376
627.085
92.7998
98.037
209.126
32.9077
31.5359
19.371
6.4039
3.2313
123.562
103.3393
103.1085
129.438
89.6709
87.6169
20.514
21.0264
21.6871
117.432
102.5275
103.0545
127.002
87.2484
91.2924
33.427
30.5354
36.9104
105.447
101.425
103.5093
133.001
99.007
100.8283
40.457
35.1172
43.2024
101.633
102.0385
103.8374
129.008
95.322
99.4845
37.871
32.396
42.519
92.989
100.6773
102.4626
125.27
92.4807
99.0658
38.178
33.9776
43.7949
14,700.01
105.602
103.6611
10,564.40
76.5484
83.3488
2,384.86
22.9932
23.8414
14,906.48
105.5671
104.64
11,681.53
80.8544
87.8838
2,847.38
25.846
26.7637
14,627.37
104.8463
105.5274
12,993.32
89.091
94.6566
3,419.39
30.136
30.3266
14,397.93
103.7894
104.4622
13,473.21
91.9105
98.7249
3,515.40
30.7612
30.8285
14,182.29
103.2667
103.8805
14,034.55
95.7649
104.2179
4,430.25
37.5999
38.7721
1.539
18.793
112.7443
109.7973
13.634
80.0881
86.7054
18.512
110.9623
112.3529
14.307
98.0387
97.1805
13.758
95.3931
95.6741
1.831
3.078
1.82
2.999
1.752
3.085
1.959
3.297
2.018
3.426
0.872
251.205
97.975
97.9588
339.249
85.6122
95.0118
123.824
33.8228
55.9052
273.966
127.1143
124.2152
275.983
88.3893
94.8276
165.769
42.5043
65.2504
239.289
102.892
100.8236
175.205
52.8778
75.8884
251.204
102.1684
100.3162
179.54
57.6609
79.7269
290.55
105.6379
103.2963
157.138
53.5014
76.4488
37.812
112.7727
112.6017
68.471
93.259
95.794
11.011
17.2196
27.247
35.264
111.2347
109.5965
69.619
99.7183
101.0474
23.786
46.4786
58.316
38.362
96.8964
97.8274
63.013
92.7573
93.5615
37.585
96.0765
94.8085
60.504
92.748
92.6592
38.74
98.9374
97.4789
57.575
90.1282
89.7491
25.014
51.3878
65.5571
0.509
114.6444
118.6869
0.298
111.0294
122.5
0.497
101.2048
112.9032
0.347
101.087
103.2051
0.485
0.358
0.056
0.061
0.439
0.343
0.452
0.327
4,022.60
110.819
100.5391
1,948.01
53.9531
46.0168
367.556
13.0474
10.4815
3,945.20
112.8084
106.1506
2,393.28
67.4624
58.7516
447.036
15.2104
13.7329
4,016.93
113.0124
107.7397
2,554.05
75.0476
64.1081
605.759
20.0987
18.5857
4,030.14
112.1749
107.0501
789.407
25.6796
24.8235
4,039.39
112.2009
106.2455
877.404
28.9443
27.739
4,210.68
115.0888
109.3566
2,847.12
83.9801
75.1451
1,009.79
34.2279
33.2701
3,942.83
105.6823
88.8906
305.877
15.6358
10.7569
28.298
1.9313
0.9324
5,277.87
116.0491
104.1793
671.902
26.9865
21.983
103.85
5.5573
3.6135
5,705.34
109.9512
100.96
1,025.98
34.1752
30.9582
157.431
7.0701
5.0323
5,902.00
110.9249
101.6808
1,073.11
34.2801
31.4873
174.802
7.4931
5.4656
6,138.52
108.7114
101.2838
1,216.21
36.6602
33.1825
200.649
7.6677
6.2123
4,781.54
100.9753
98.8811
2,301.92
39.6306
37.1562
553.456
4,948.20
101.0005
101.1961
2,589.31
46.116
44.6557
5,013.58
2,686.20
47.5142
47.4833
507.66
9.1075
12.4855
5,125.94
99.1417
98.331
2,852.45
48.3275
50.7423
634.306
12.4617
15.3028
5,177.28
103.2577
100.4695
3,191.27
51.8167
53.1515
5,388.35
116.0703
109.968
3,970.71
61.1757
67.0477
771.321
12.9522
18.9791
404.198
109.452
108.1636
148.104
59.8692
66.8861
13.566
7.448
6.3307
409.508
110.6152
108.2312
158.162
60.1242
69.0323
407.402
109.9714
107.1937
19.707
8.2022
10.4094
406.535
109.2022
105.7502
425.242
113.4882
109.1434
46.963
13.8623
23.2307
49.678
14.0109
24.5149
53.661
14.9632
26.2326
476.36
120.9973
117.2713
1.812
122.2947
128.5294
0.6
44.4444
50.3311
1.254
90.1429
95.9938
0.816
57.5581
68.8525
1.578
110.4139
101.0767
1.028
81.7473
83.8602
1.808
105.6754
108.5396
0.992
76.5163
78.9889
4,030.05
120.3668
110.1849
2,054.17
53.518
43.5285
187.165
10.3152
5.5505
4,900.67
137.6251
146.8945
2,694.26
60.3023
57.353
376.869
17.9344
11.0144
4,576.69
133.0365
143.3997
3,111.26
64.5348
67.4857
477.077
18.6022
15.3411
4,401.78
129.6426
140.1362
3,163.95
64.9408
68.9043
458.621
4,335.36
129.7568
140.3783
3,176.32
64.8402
69.5524
445.324
14.7824
15.1008
4,135.25
130.0698
138.3528
3,336.65
67.5822
75.04
371.184
11.1422
12.4489
1,277.99
107.9386
105.4801
1,410.55
119.5314
117.1628
564.983
56.3907
61.0837
1,294.02
108.4577
108.084
1,474.98
122.9003
121.2169
650.905
60.2918
67.2659
1,277.20
105.8441
105.8242
1,550.18
130.081
127.8596
793.678
73.0027
80.3602
1,222.87
102.4288
102.4205
1,574.00
1,208.04
102.7154
102.6734
1,613.50
132.5519
134.5849
842.601
75.2433
86.1249
1,192.27
103.2833
103.2904
1,611.02
131.6286
133.812
836.946
75.5978
85.3463
22.924
15.093
2.285
352.845
100.1202
99.2947
526.152
117.0688
123.5743
348.492
100.9528
101.277
512.195
116.4453
121.8214
360.206
97.4618
97.7873
491.617
111.8818
119.0889
260.8467
64.4089
92.6189
368.306
97.6888
98.2124
487.3634
111.5333
118.1392
270.0742
67.3328
94.9034
384.251
99.8044
100.2302
486.3339
111.0958
118.1915
268.6457
67.8234
97.1466
923.391
116.3511
116.5828
382.951
55.3122
65.8155
100.363
16.8096
18.6685
945.089
121.9009
120.191
437.853
63.7115
74.1148
923.745
123.7639
122.7265
465.201
69.8317
78.7793
1,064.06
56.1867
40.2008
181.641
12.0165
7.4487
10.799
1.7076
0.573
1,726.45
69.0604
56.0255
306.675
16.1079
10.6905
17.096
2.1812
0.7926
2,050.66
74.5189
62.295
388.641
18.6089
12.2946
21.764
2.6045
0.8826
2,277.02
75.2542
64.1124
515.075
22.0079
15.3454
2,444.98
77.3887
66.012
595.426
24.1413
17.0046
52.001
5.1364
2.1293
2,768.31
80.1291
69.8706
786.582
28.3916
20.7563
64.666
5.7567
2.4514
22,115.43
109.7752
92.5646
6,397.58
38.1139
31.6637
1,391.53
12.2502
8.6648
21,558.46
89.0783
80.9162
9,056.77
47.1295
41.1728
1,394.59
10.9725
8.1197
23,668.90
93.7201
87.4006
9,591.21
49.0871
41.8713
1,513.37
11.9894
8.2959
25,801.20
90.7076
89.3805
10,495.58
48.1325
42.9839
11,116.03
48.7976
44.646
25,591.18
87.1283
82.1776
10,314.80
44.08
39.8039
0.178
118.9189
105.8824
0.206
71.3333
116.4706
0.202
127.3973
125.2874
0.186
100
124.7191
0.207
147.2222
120.2381
0.182
104.0541
114.1304
0.201
132.4675
125.3165
110.149
94.5246
92.5407
214.005
82.7846
80.2048
49.364
24.633
34.0557
110.759
88.0017
86.7358
196.991
83.3509
80.9864
61.764
34.6987
40.3947
108.254
91.9858
90.7925
170.834
81.7519
79.3193
60.572
34.0369
42.8375
108.827
94.1
93.6636
168.967
82.5573
81.186
63.543
36.6641
45.8584
429.652
98.3692
98.6618
403.026
113.234
114.313
213.94
62.4474
95.1427
424.052
98.9305
99.2357
435.085
113.4868
111.6708
224.706
56.4668
91.2177
425.917
99.8742
99.7869
439.25
114.6169
110.8115
264.207
63.6648
92.2078
430.864
100.0436
99.7583
443.491
116.0526
113.1527
268.231
63.8328
92.9276
444.638
100.2746
100.183
447.525
119.3684
114.183
284.042
66.2914
98.6869
312.121
93.2442
92.0634
301.568
89.2845
86.0109
48.483
17.9172
19.095
302.037
104.8507
100.7389
321.67
101.7768
97.0626
75.715
19.6772
27.3868
78.063
19.7026
28.4658
320.324
106.5436
112.5249
292.814
99.0521
100.5012
105.097
23.0964
41.231
337.038
107.4173
113.5314
118.299
25.3808
49.3147
350.544
106.9166
111.2616
286.9
104.3036
102.2946
126.947
29.2085
54.5473
368.141
107.1777
110.0884
294.485
110.3594
103.8693
131.678
32.7698
59.6886
384.001
105.729
108.7513
295.77
104.1265
100.8678
17,257.95
98.926
76.0569
6,852.32
782.621
5.2582
4.5734
18,468.10
100.7432
86.0041
9,432.98
39.0942
31.0153
1,226.00
7.4867
6.3148
18,756.35
102.7057
87.5037
9,654.94
40.2001
31.0267
19,431.57
100.4008
85.5129
11,286.63
46.1627
36.4956
1,931.88
10.0409
10.6519
19,846.82
99.3689
84.9103
12,077.92
49.2965
39.0801
1,871.58
10.5656
9.2161
21,686.45
102.7526
88.5909
12,529.17
50.0061
40.5758
1,941.48
10.8058
9.3865
0.484
25.6151
52.2998
1.855
104.5504
101.1364
2.273
97.6623
99.9127
1.805
2.382
1.544
2.448
1.654
115.8648
113.5417
1.672
115.4472
118.3261
0.863
50.6311
78.0715
1.639
116.9514
112.4625
1.604
112.344
118.3309
430.152
109.0728
105.3002
256.224
65.7256
70.3472
126.242
32.0735
52.5263
439.746
107.0309
103.0235
283.787
69.2005
73.4813
139.116
35.0981
53.709
426.637
100.2512
97.6937
311.816
72.3886
77.7575
145.43
34.5256
54.8071
417.556
97.2522
94.6743
316.899
73.8666
77.8068
156.635
36.8482
58.0001
408.961
93.8979
92.23
344.79
80.9299
83.1024
531.759
61.8555
52.3653
600.557
63.15
55.9097
1,132.12
110.8941
98.5077
378.365
45.2456
33.9837
1,275.09
116.4937
106.4841
507.278
56.1827
40.9203
933.995
113.5251
110.2967
529.309
66.0404
67.8267
155.727
24.3076
27.5236
839.291
105.9354
101.84
560.866
66.5152
70.2012
225.211
29.1307
41.2427
838.198
107.6384
104.2726
631.003
74.1879
79.0559
727.363
611.308
4,077.36
116.9585
118.016
2,469.62
86.282
84.5825
908.315
32.7591
33.608
4,026.32
116.2868
117.3421
2,539.94
88.3894
87.7422
951.391
33.2529
35.4248
3,762.68
109.7797
110.9794
2,674.59
94.5014
94.9088
3,495.61
101.4145
101.427
2,670.85
95.734
95.5008
3,513.44
101.6904
101.7
2,681.53
95.7181
95.7723
3,576.94
102.9698
103.3079
2,752.72
98.1614
97.8611
1,929.93
65.8076
73.6223
3,592.87
102.2685
102.6124
2,779.97
98.4716
98.2605
13,083.74
106.4921
105.3813
6,352.48
78.2936
87.6193
2,402.65
24.7263
30.4075
13,686.64
108.6262
107.5106
6,766.95
80.9093
87.4812
2,625.39
25.6041
31.6017
2,774.37
26.3845
32.9556
14,460.38
114.9323
112.7783
7,220.39
83.5741
91.3392
3,563.40
31.3379
40.1324
14,453.06
114.6097
111.3056
7,319.46
84.8154
92.1025
14,293.64
112.6764
108.9637
7,397.29
85.1742
93.3116
3,589.48
30.5215
40.3114
2,723.66
94.8005
94.2675
3,444.90
99.8933
99.2802
2,118.08
52.9241
74.7401
2,234.94
96.9533
96.2087
2,841.63
96.2499
95.75
2,148.68
59.6143
90.7574
2,152.66
99.2349
99.4437
2,641.29
107.9444
104.2587
1,762.67
54.1517
83.1999
2,306.10
104.577
105.3946
2,548.41
108.2955
104.8364
1,665.31
53.2893
80.7375
2,480.79
109.5899
110.6474
2,462.93
108.5359
105.538
1,600.21
53.2014
80.5947
752.739
120.2637
114.5525
669.529
92.8153
102.0827
380.937
47.8799
62.5926
733.515
112.7349
109.3678
720.688
104.7762
107.7205
383.627
59.8671
70.74
674.038
109.844
105.2587
768.631
116.9252
114.1349
362.2
60.4041
69.9149
656.727
108.4545
104.3843
778.589
120.0425
116.3784
337.507
57.5895
65.255
638.883
107.08
103.3264
766.052
119.0623
115.8974
343.117
59.4799
66.3512
299.746
92.4967
95.7708
290.991
80.7981
85.35
249.372
69.8504
103.1966
258.958
87.4294
88.6501
266.077
78.7088
83.7905
241.168
70.0901
98.8292
250.579
85.9734
87.4776
278.964
83.8889
89.3478
240.878
70.6979
99.4424
227.548
79.3811
80.952
236.001
71.969
77.3763
233.07
68.8835
97.2465
69.991
107.1252
103.723
55.705
102.3377
95.9879
9.699
8.833
31.1154
88.723
104.7122
105.8896
68.924
99.1892
103.2615
13.846
4.8088
25.5979
117.454
98.0135
100.7764
88.466
72.6253
100.525
25.255
6.1707
39.2326
130.464
102.4283
103.5974
95.567
81.9663
103.6005
27.866
6.3187
43.8846
146.418
104.6289
103.8009
103.042
77.2783
96.3391
31.277
6.5855
51.0396
4,031.59
101.4191
100.6902
3,795.98
96.0205
98.2025
3,210.18
110.7834
70.9493
3,306.21
101.6712
101.7314
3,959.45
96.5669
96.063
3,269.51
116.691
86.8044
2,736.22
96.7807
97.3305
3,579.41
100.547
100.4736
3,318.31
105.1565
80.2007
2,721.77
97.3692
97.8241
3,396.77
100.129
100.2714
3,268.10
104.598
80.5668
2,680.13
96.897
97.0944
3,231.80
99.6777
99.8208
3,204.35
104.6976
81.6581
184.159
98.5532
97.1975
394.469
86.2379
89.9588
130.35
29.4639
42.9046
141.197
93.7246
93.3463
307.619
86.9766
89.0275
130.168
32.73
43.7339
138.42
93.2578
92.8593
245.773
86.781
87.8893
116.325
35.92
47.2774
138.536
92.8668
91.9316
233.26
85.7712
86.4638
109.395
35.3078
47.3655
139.335
91.3998
91.0909
227.263
87.1098
86.5409
95.967
35.7355
46.6639
970.295
109.1661
107.6956
2,089.65
82.9273
84.5025
738.806
40.2242
50.8492
842.238
98.3252
96.7844
1,821.78
97.5829
96.8051
999.523
55.3022
75.934
807.047
96.9678
95.1352
1,714.31
96.8405
95.6104
705.333
44.9612
56.876
1,609.26
93.155
92.1734
578.706
42.6678
52.7003
947.205
91.1253
89.721
1,562.96
91.1951
90.6433
541.653
42.1563
51.7705
939.147
90.0042
88.8617
1,515.24
89.2833
88.5969
535.218
43.0402
53.3024
5,308.61
95.1767
95.3703
12,433.16
83.3644
82.5007
9,003.21
61.3489
84.2501
5,015.31
99.0154
99.4528
9,613.55
85.6518
84.2523
9,330.12
64.3378
86.9327
5,725.53
98.3116
99.0111
9,061.32
101.536
99.4783
6,995.73
71.6013
86.266
5,982.57
100.2979
101.0843
9,384.61
105.4523
103.2883
6,592.42
72.9953
88.4133
6,198.78
101.8265
102.3381
9,566.90
105.558
104.0191
6,182.30
74.7209
89.3151
1,752.59
135.3827
134.3791
203.551
15.5993
14.1309
25.233
3.491
1.9913
1,857.84
137.1604
138.1351
218.517
17.2555
15.429
27.787
2,299.33
143.265
146.9482
425.587
33.1457
32.8357
62.734
6.4109
5.0185
2,399.44
134.9061
137.9682
587.069
37.9856
41.5979
77.512
8.358
6.9385
2,450.71
134.7299
136.2673
567.838
35.8176
38.8744
80.335
8.9667
6.9662
2,540.37
134.0964
132.7576
610.972
35.944
40.2957
80.773
8.1138
7.1783
6.35
3.939
6.474
4.396
0.859
6.255
4.309
5.533
4.37
3.411
5.466
4.318
3.508
5.452
4.175
23.573
105.1453
100.456
13.597
71.4762
84.0446
2.197
6.992
19.008
22.028
103.3248
98.1139
15.146
83.4705
92.7504
1.438
5.1652
12.0393
19.483
16.017
95.2275
94.1149
1.973
6.969
17.9824
17.286
13.566
87.9685
87.4272
2.83
10.9207
22.8072
16.822
13.215
88.6088
87.8023
2.788
11.5051
21.8844
16.054
12.217
87.9172
88.4398
3.249
13.3869
26.8069
17.858
123.8869
112.3178
9.78
79.5389
99.5391
14.435
108.7833
101.2062
11.426
106.2593
108.8247
13.427
106.358
103.0432
10.342
106.1825
103.1551
13.362
105.8705
103.1774
10.286
107.8291
104.9644
13.026
103.8317
101.9311
10.113
111.7283
106.8724
28.026
95.8808
97.3422
21.681
73.655
83.8903
1.182
7.8436
7.2376
30.964
109.0043
109.7727
24.01
78.2107
88.1687
30.871
111.4847
109.9319
25.998
82.2541
93.5858
31.352
105.8943
106.1677
26.322
81.9202
92.1696
31.998
106.5403
106.5971
25.994
80.6699
89.5273
32.629
107.0131
108.3328
25.964
80.2632
88.5672
32.95
108.5354
108.8393
1.249
0.988
0.942
1.445
1.577
88.7755
100.6337
2.334
96.3317
98.1691
0.937
52.973
77.305
1.574
93.8597
92.6452
2.407
93.4929
95.937
0.872
50.4648
69.8864
30.468
128.9775
123.9769
8.091
41.3253
43.801
34.116
118.2609
117.1186
10.097
51.0994
52.028
0.766
4.2978
4.156
34.493
109.1346
104.6902
19.386
71.0346
77.825
1.68
10.199
8.8262
35.558
110.8527
106.0023
22.123
77.9037
86.2149
2.336
12.8438
13.2703
37.172
112.3682
108.0695
25.875
83.4894
96.0126
3,097.60
96.1711
94.7188
2,609.57
89.6727
84.3585
603.771
23.8461
35.2371
3,255.24
105.4699
102.83
2,997.27
100.0457
88.6468
757.77
27.7723
35.3131
3,321.07
106.5161
105.6213
903.567
34.0021
39.1002
3,737.08
119.9539
116.3926
3,419.44
131.3484
101.5363
1,496.73
58.2439
57.6676
3,844.52
120.1971
121.1032
1,527.77
60.274
60.8653
3,734.69
117.263
115.1921
1,622.44
66.5049
66.6994
1,680.91
69.367
68.4791
1,444.16
80.5523
77.5179
405.899
25.2445
18.8674
59.127
1,695.01
80.8515
85.4358
725.208
38.1535
33.2585
92.106
9.3291
5.5022
1,926.74
79.4057
89.0041
1,094.75
49.5796
49.4962
141.151
13.0058
7.7498
1,977.39
78.8373
88.3166
1,136.48
144.827
12.9817
7.8495
2,128.69
78.0448
90.3799
1,082.33
43.4493
47.4345
162.635
13.9427
8.4853
324.913
102.4855
103.0238
632.338
87.291
89.954
224.873
38.569
50.0615
283.161
96.1326
95.647
590.83
90.5449
92.3556
226.772
42.8423
55.6278
284.754
100.9114
101.3633
548.158
93.3401
95.4097
242.848
50.5051
66.0111
279.22
101.4542
101.2254
553.448
95.9981
97.381
241.054
50.1605
66.8779
268.952
100.2663
100.3626
538.238
95.1325
95.8787
262.108
56.728
76.8553
9.204
110.0718
108.0359
8.501
79.0163
84.7572
8.67
108.789
112.1425
7.554
72.4668
77.0421
8.812
116.5233
114.3271
7.277
86.14
88.897
0.478
4.0487
10.4622
8.974
116.4906
115.6924
7.394
90.2349
94.3311
1.035
10.4005
22.4804
9.037
108.7166
110.3196
7.362
88.5508
94.8023
1.338
13.7808
31.4719
554.308
87.1438
60.8596
155.567
28.3469
20.0031
8.913
2.8208
1.1155
9.041
2.7387
1.0948
1,299.81
115.1118
114.6394
417.307
41.5861
35.5116
1,360.24
112.1936
113.3028
449.32
41.0879
35.4385
1,486.94
120.0066
121.761
492.14
41.9224
39.808
294.602
232.003
213.446
236.891
255.348
236.943
100.8504
100.6929
179.676
108.5855
107.6506
195.125
77.8588
90.5745
3.677
2.713
0.178
0.194
242.459
98.7634
97.6417
662.659
92.8462
93.7281
181.419
35.3503
45.5645
212.421
101.8885
100.9931
549.76
91.7601
92.7954
234.526
45.0229
69.6171
213.766
100.2287
99.3082
464.957
90.1458
91.206
197.854
41.5824
64.2735
216.266
98.8926
98.1341
454.032
90.4957
91.4638
184.39
40.0731
61.8098
219.866
98.4272
97.3148
446.922
90.7819
91.7485
167.28
38.1052
57.9469
93.156
100.9612
99.2553
181.299
97.3604
96.7918
112.228
65.6102
93.4135
106.883
99.4214
98.4919
138.354
99.1784
98.1109
114.873
72.2774
107.3338
111.648
99.0925
99.1913
145.179
110.0768
109.841
90.622
67.3694
97.6108
115.56
99.1927
99.5872
143.247
109.618
109.9325
85.616
65.2669
95.6171
119.563
99.1266
99.4903
148.896
114.3417
116.3986
80.798
64.1857
91.7315
75.082
103.2065
97.7883
22.487
33.1602
27.4016
95.379
116.0191
113.1427
39.706
51.9103
44.885
97.547
113.9855
111.6016
41.66
49.5102
46.9648
101.981
114.7868
111.5711
104.236
114.1219
112.9033
108.396
114.7658
113.9095
457.132
30.2911
16.7578
86.929
8.1689
3.7577
7,314.45
104.5428
100.7131
4,657.67
87.2208
93.0991
7,024.37
99.8994
95.8487
4,689.60
89.3532
94.6807
7,195.18
100.6331
96.3092
5,220.98
97.2313
106.4238
1,018.54
16.429
23.1998
7,555.84
106.5581
98.9906
5,279.20
103.5185
101.9791
1,050.86
7,569.92
104.1744
100.3234
5,164.48
96.0176
104.9242
1,053.61
17.0535
23.9577
1,450.74
101.7562
67.3953
133.999
11.97
6.1266
1,273.85
77.8033
55.1031
164.135
12.8238
6.8857
2,484.90
103.5667
102.1913
3,107.82
113.631
121.0565
1,809.35
60.4404
74.174
2,720.99
105.6907
105.1965
3,185.01
122.7671
125.5251
1,878.97
70.3032
87.1211
2,960.63
103.6383
104.7927
3,288.42
129.5943
130.1158
1,982.16
81.2661
96.8147
3,010.40
103.8497
105.0474
3,313.13
129.6341
129.317
1,963.92
82.2312
97.0312
3,027.75
103.3214
104.4547
3,329.39
127.513
128.4126
1,968.70
83.5089
99.1654
1,610.78
99.9001
99.3468
1,720.81
100.9612
98.4375
2,524.67
96.3353
97.5413
261.647
11.6893
20.8727
1,767.32
101.8258
99.3977
2,605.60
97.4622
101.9478
297.782
14.8203
22.9275
1,777.82
102.3909
100.0844
301.681
16.818
21.6879
1,778.18
102.733
100.6073
308
15.5614
23.9555
1,746.84
102.5697
101.1296
2,648.66
95.5354
100.4635
290.495
15.0873
22.814
387.138
88.5306
87.8889
656.797
87.7065
91.6987
138.139
40.6191
41.2216
402.866
91.8665
90.1015
710.936
82.4389
89.0036
196.625
41.0878
54.8752
442.476
95.4604
94.8663
709.226
78.6152
86.3606
213.935
34.635
53.7961
450.182
94.3953
94.3882
721.414
79.3806
87.2118
221.018
34.549
54.4311
477.204
95.3827
95.1082
752.552
81.231
89.1715
218.276
32.4
52.4873
3,176.82
67.4736
59.2055
1,344.32
40.1627
37.3419
363.953
11.4904
12.9793
4,024.30
75.7564
68.083
1,687.36
45.6374
39.5759
522.774
14.7303
17.261
4,387.97
75.4235
69.8456
1,974.31
47.1199
42.9133
632.377
16.4606
17.5199
4,518.42
76.7448
70.3483
2,059.72
46.1227
45.5302
653.088
16.853
17.1461
4,899.66
79.5496
75.1083
2,205.03
46.4615
47.2682
2,566.50
979.514
204.114
3,278.09
1,369.74
4,744.47
1,837.46
64.023
105.6853
104.2563
42.253
63.3562
88.7372
5.186
9.5508
15.7988
65.527
106.6885
104.5916
45.818
59.5819
79.3128
70.981
116.6709
115.9282
50.164
63.1507
81.0834
70.492
117.4756
119.17
51.784
62.7592
86.1073
71.921
120.6703
121.5981
54.721
68.0975
89.6899
68.612
115.763
115.9346
658.461
95.9453
95.6575
735.494
104.2871
103.82
426.723
64.7616
99.9379
576.11
101.6941
101.163
731.273
98.6128
97.5967
455.025
58.4789
89.5771
757.164
117.6687
124.2278
826.694
124.7825
141.6367
429.444
49.2705
75.7406
791.893
120.4934
125.5172
844.112
131.514
149.9711
428.557
49.5877
75.6307
826.685
123.2852
126.5019
856.094
137.0797
153.2816
426.188
50.3083
77.5019
524.222
102.1025
101.7907
574.783
97.9231
92.1019
199.696
48.9024
42.3772
492.508
102.795
102.324
605.184
97.1707
94.3049
248.639
53.0196
52.4752
483.707
103.4442
103.2458
617
99.7703
97.3242
279.832
55.7394
56.4192
483.9
103.2048
103.2802
289.722
56.5647
57.5206
490.469
104.0898
103.7956
614.47
102.9153
99.35
294.45
56.7206
58.3426
498.338
104.7571
104.0375
609.783
104.1965
100.2834
295.149
57.303
58.4498
2,252.15
121.8555
118.3761
2,389.38
71.1986
68.1411
360.736
19.095
17.1209
2,429.45
120.7644
116.5351
2,731.83
72.2701
72.4078
573.93
27.7736
24.0063
1,547.32
77.2621
74.6677
1,857.14
49.2883
49.3265
659.823
34.0489
34.5461
791.775
42.4177
44.6097
772.877
41.0215
46.7182
697.415
35.9707
42.7276
693.078
100.1561
96.8814
984.41
88.4802
73.5773
148.879
27.9579
13.3541
682.09
100.3734
98.0163
1,031.72
89.6525
78.2938
195.697
29.8905
15.8107
664.93
99.4982
97.489
1,062.98
91.9828
82.6894
194.685
29.0952
16.317
662.427
96.468
95.2897
209.17
30.4386
18.424
683.162
95.8222
94.5041
224.764
31.4678
21.0295
771.04
99.493
98.0853
265.426
35.1865
26.402
5,974.62
103.3098
100.4331
4,533.17
71.9025
75.394
2,359.13
41.9562
47.1729
5,146.54
97.3582
96.1793
4,807.09
79.6087
85.3197
2,426.58
44.2591
56.5432
5,182.35
101.306
102.7961
6,791.62
117.2144
123.5226
2,433.14
42.7471
57.7629
5,081.08
103.4948
97.512
6,757.17
122.9993
118.1467
5,063.49
100.5374
100.8862
6,570.99
118.9352
118.3083
2,410.71
41.0646
57.7461
4,952.69
99.6587
99.5379
6,335.21
119.0781
114.3114
184.047
52.785
6.349
8.0817
9.301
177.97
93.1824
85.2411
74.822
53.1832
51.756
230.175
121.355
116.2723
101.501
60.5592
60.7634
18.553
21.888
15.7641
245.847
122.4629
120.7352
118.935
60.2925
64.804
243.559
117.2713
115.5127
129.314
65.6849
70.3151
222.835
101.9752
99.134
149.883
76.1725
82.563
996.707
122.5048
104.1421
404.47
58.8149
31.3111
1,021.62
118.7004
102.8073
408.964
57.8652
30.7061
32.502
1,286.65
133.7075
120.6497
55.959
1,299.80
130.1686
118.4738
545.861
63.496
1,413.21
126.6444
119.36
66.525
14.3816
6.0067
1,413.55
122.9914
116.5116
71.154
15.0034
6.425
1,524.19
125.9418
120.143
727.949
71.383
51.9275
89.092
17.7387
8.0189
0.227
101.8018
132.5581
0.191
83.3333
75.8333
0.178
107.6923
95.2381
0.141
69.6078
70.7071
17.105
111.7124
106.6534
14.567
105.4955
116.3272
0.6
4.2066
7.0733
17.891
118.2271
111.9184
15.743
0.668
4.8237
8.0063
17.113
114.2372
108.5429
14.032
17.032
113.3906
110.0998
16.848
109.3589
107.2644
14.777
100.3648
107.1595
17.093
108.6086
107.4225
14.961
86.3715
94.221
16.982
108.3869
105.3375
15.8
91.137
96.2631
137.313
103.426
99.9685
105.381
82.6116
88.489
16.751
10.565
13.3611
129.703
100.7132
97.7701
131.35
107.961
104.3099
1,184.30
114.0454
109.335
1,239.47
81.4295
88.3174
327.034
28.5763
35.0872
1,030.11
108.9958
105.3394
1,163.83
87.5373
93.4278
370.058
27.8221
42.6176
1,027.97
109.4101
105.9588
1,152.15
90.0399
94.1806
361.93
26.7459
43.0799
1,089.22
114.7734
111.4803
1,019.91
331.802
26.4322
43.1465
1,114.88
115.9506
112.6648
1,007.95
322.625
26.3729
43.2817
1,139.31
116.1672
113.1822
1,047.04
88.0982
97.8895
294.486
24.1309
41.2378
282.204
23.2186
41.1845
6,678.27
105.7728
100.4972
6,345.06
91.5834
76.1009
2,106.35
38.1997
27.9181
6,635.16
101.9654
100.5579
7,530.64
87.901
80.509
3,529.33
62.0949
50.5224
5,574.92
106.75
106.2527
10,898.58
104.4023
101.5814
5,472.52
93.1232
80.7613
5,434.15
103.6413
102.9148
10,969.18
104.3907
101.659
6,062.89
101.8026
88.894
5,360.70
101.5834
100.9297
11,019.15
104.2393
101.7259
6,689.19
110.7385
96.5471
359.064
89.2483
87.5343
650.998
87.5994
83.999
44.411
9.7038
6.1958
2.22
1.558
2.891
2.095
0.005
2.647
1.811
2.577
2.013
0.286
1.427
94.9198
106.8554
0.912
67.4451
74.1197
1.45
101.3532
97.6323
1.46
102.4259
97.629
1.421
114.2202
112.8978
1.201
78.3634
96.5099
1.488
119.6018
118.8235
1.289
84.9645
108.1505
1.324
108.3333
104.7138
1.123
76.4029
95.7929
7,377.29
127.3472
125.3791
732.792
21.1025
16.9581
88.36
4.3804
2.7325
7,223.88
120.183
119.2141
7,537.97
116.4728
116.9545
1,031.52
26.3144
21.55
8,374.65
115.9012
117.6822
120.646
4.3862
3.458
8,459.34
105.6327
107.5936
165.396
5.2032
4.0373
8,264.32
97.1514
99.0202
8,840.59
97.7088
100.3226
1,945.72
106.618
106.2105
4,042.83
99.1712
91.8303
2,604.88
63.0763
77.9664
1,540.28
98.5008
99.0711
3,132.97
96.6502
94.3343
2,635.00
71.2319
89.5106
1,685.03
98.8964
100.9187
2,713.65
97.8235
95.6959
2,146.03
77.6435
89.4793
1,536.58
2,370.30
1,776.19
1,644.26
2,334.98
1,667.29
262.807
284.034
101.538
101.5371
80.296
326.588
101.906
409.776
103.5693
106.3158
143.06
460.975
112.8137
114.3218
156.613
467.723
112.7826
108.882
441.51
98.6346
92.9848
159.553
4,634.99
106.3353
106.2262
5,760.89
103.8683
106.9871
2,287.54
49.5279
68.8509
4,421.90
105.0256
104.4559
5,538.23
102.8628
103.2479
2,479.20
50.716
67.8857
4,737.07
107.6528
107.4585
6,556.99
124.8507
129.8763
2,352.93
49.4394
65.4251
4,617.32
101.9669
101.8488
6,374.67
123.5768
127.4867
2,330.33
49.1864
65.7618
4,721.65
101.4859
101.3382
7,642.06
144.2492
160.4866
2,387.28
50.6782
68.5325
7,541.21
104.8555
99.6961
51.554
2.0038
0.9426
8,419.31
97.069
97.7293
1,825.96
34.2603
27.0982
85.113
2.3831
1.8617
8,231.91
84.9219
86.1586
2,052.30
33.0722
30.2719
158.262
4.8138
2.4619
8,222.67
81.6597
83.582
8,298.28
79.5215
81.9608
182.404
5.2241
2.6725
8,638.57
80.3895
82.6398
178.598
9,315.66
84.3363
86.1844
1,920.52
25.7603
25.9276
24,454.60
102.4992
101.3964
24,431.93
94.224
95.9686
17,272.04
24,393.00
100.8267
99.8181
24,192.79
94.313
95.4069
20,427.71
24,538.37
99.8374
99.5021
24,229.78
96.3625
97.5131
19,700.22
75.3974
102.5994
24,785.70
100.312
100.2873
24,417.19
97.1537
98.1736
19,531.73
75.759
102.7473
25,019.05
101.4458
101.2764
24,707.91
99.0528
98.4747
19,288.42
76.0623
102.2938
2.488
365.536
115.3193
112.4205
323.087
94.1839
108.5219
110.684
33.193
57.8676
365.388
116.892
113.6458
323.027
93.4547
108.4658
113.403
34.5089
57.9585
341.885
113.8816
110.1861
321.397
93.0201
109.2583
132.398
321.779
109.7603
107.2946
339.221
159.772
316.864
108.5814
106.2113
339.74
156.342
309.806
106.5959
104.3162
347.841
162.427
2,383.33
96.7953
96.671
4,515.85
89.9411
87.2842
265.957
11.8622
8.2155
1,970.92
94.4541
92.8216
4,448.98
89.5775
89.6396
289.208
11.1091
7.5614
2,033.88
98.8541
97.2799
4,082.71
92.2376
91.2049
260.453
9.9185
6.1551
2,134.60
100.1464
98.6307
3,964.38
92.1073
91.0265
262.368
10.0104
6.2975
2,391.49
103.8982
102.2791
3,892.89
93.6277
92.4197
281.451
11.3179
6.8788
38.96
122.3926
119.9781
13.837
45.7573
39.541
0.955
5.9408
3.4986
38.53
119.1557
116.1494
41.834
123.0408
121.8906
20.256
59.5943
59.4647
44.181
125.1585
122.2001
45.931
120.6544
118.6736
20.568
53.3571
56.4304
3,449.98
104.0022
101.8779
1,866.11
63.3635
72.8834
983.217
38.3619
41.1603
3,453.38
104.0263
101.8425
1,953.51
66.0802
75.271
1,049.78
3,449.29
103.6588
101.6461
2,028.39
68.6148
77.4886
3,439.20
102.9957
100.2783
2,224.21
76.1344
83.8367
2,109.33
57.8127
97.6882
3,461.82
103.3338
100.5316
2,252.42
77.3358
84.5349
2,123.04
3,457.75
102.8597
99.8691
2,254.94
77.2364
84.6645
3,493.04
101.5835
99.3467
2,567.28
88.0853
94.7906
3,476.47
100.9043
98.1938
2,522.66
86.2313
92.7523
3,285.30
94.6106
92.0844
2,391.17
80.8868
87.1626
7,773.48
99.4815
94.4888
1,354.54
18.7054
13.2889
6,922.62
107.5786
102.1841
2,020.41
22.6355
22.6868
7,434.85
109.8926
108.4725
2,692.12
29.7143
31.1819
7,543.63
109.1311
108.2665
2,466.64
28.7802
28.8041
7,790.01
109.8277
110.125
2,307.36
25.323
31.3372
7,801.56
107.6687
108.1904
3,219.56
100.5548
74.3922
1,455.21
60.7103
29.6822
199.813
13.9475
5.0567
3,426.99
99.4692
81.2074
1,561.34
53.3545
33.1722
272.13
14.5771
6.3882
3,640.59
103.9638
84.7651
1,643.12
55.4654
35.1705
267.498
13.7438
6.0707
3,874.74
105.3595
88.4777
1,768.10
57.4082
39.5008
3,900.13
98.5701
86.0532
1,915.87
58.8822
42.8198
2,572.85
112.4616
107.3545
2,899.13
104.5098
105.8722
3,135.44
106.7665
107.6953
56.68
4.5603
3.4681
3,217.87
104.1659
104.673
3,215.72
101.8342
102.1557
3,284.84
98.6845
100.8896
2,361.59
98.5172
97.2311
758.229
40.7895
36.7533
94.611
6.7763
5.3796
2,663.19
99.4543
97.9307
957.461
47.5785
46.6504
94.115
6.492
5.4534
135.575
8.941
8.0387